1:5,9,4,8,7,8,1,6,8,7,4,1,8,1,2,7,6,7,1,7,4,5,7,6,4,3,8,1,2,8
2:5,3,4,2,2,5,2,5,9,9,1,4,4,1,3,7,5,9,1,2,6,5,7,7,2,5,4,5,7,7
3:1,1,3,3,9,4,2,5,4,1,2,7,7,5,4,9,5,7,4,3,8,7,6,8,5,7,1,5,6,1
4:7,5,5,6,8,3,6,8,6,7,3,5,3,2,5,8,5,2,4,1,5,3,9,6,6,7,4,3,5,5
5:7,1,1,4,9,7,8,5,7,1,6,9,2,4,4,9,6,2,6,7,1,8,4,4,8,3,8,9,3,3
6:4,7,2,6,7,7,4,2,6,6,5,4,3,1,6,7,6,4,9,4,7,2,8,4,4,3,6,6,4,7
7:7,6,4,6,9,1,4,4,8,1,7,2,3,3,1,2,9,6,9,5,5,2,4,7,1,5,8,6,6,9
8:4,3,7,7,6,5,7,2,4,7,8,1,9,4,4,9,7,2,1,9,8,4,8,4,1,8,2,3,3,5
9:4,3,7,7,6,5,7,2,4,7,8,1,9,4,4,9,7,2,1,9,8,4,8,4,1,8,2,3,3,7
10:5,6,2,8,4,7,6,5,8,4,5,8,7,6,1,7,8,6,1,9,7,5,9,3,8,6,8,9,1,1
11:9,7,4,2,1,3,9,4,9,6,1,7,2,9,1,2,2,2,3,8,4,7,6,9,2,2,9,5,8,4
12:1,2,7,9,1,8,5,3,9,7,5,7,6,2,5,6,3,6,8,3,7,6,1,8,3,8,7,5,2,3
13:8,1,7,2,7,5,3,5,2,7,3,3,2,6,5,2,9,6,3,8,5,3,4,1,9,8,5,9,7,2
14:1,1,3,3,9,4,2,5,4,1,2,7,7,5,4,9,5,7,4,3,8,7,6,8,5,7,6,5,6,9
15:8,4,2,1,4,5,2,5,8,7,7,1,7,3,7,4,4,9,2,3,4,2,2,6,1,4,7,8,1,3
16:1,1,5,9,7,2,5,1,6,2,6,6,5,5,7,9,4,1,8,1,3,4,9,5,8,4,5,3,9,7
17:2,8,8,5,6,8,7,8,2,1,2,7,2,5,4,5,6,1,3,5,1,9,3,2,2,7,7,7,8,9
18:8,2,4,8,9,4,5,2,8,6,1,1,7,2,8,6,8,5,2,2,8,5,2,6,2,7,2,3,4,4
19:7,3,1,8,8,3,7,7,2,1,3,1,2,9,6,6,6,5,2,6,8,8,6,6,2,2,2,9,2,1
20:6,9,4,7,6,6,3,3,2,3,6,9,8,1,8,8,6,9,7,3,4,9,5,7,9,9,6,8,8,6
21:5,2,2,7,2,2,3,3,6,2,1,2,8,3,3,9,3,5,8,3,6,9,7,1,7,5,2,2,3,9
22:6,2,3,4,3,6,6,1,3,5,3,9,2,4,7,8,3,9,1,7,2,1,5,8,7,7,1,8,9,1
23:1,3,2,7,8,3,9,3,3,5,3,6,6,2,2,6,6,5,3,2,7,6,2,4,9,8,9,6,7,7
24:9,1,3,7,6,8,7,3,1,9,5,6,4,2,2,8,6,7,4,7,1,6,3,8,3,7,5,9,8,5
25:1,4,8,4,1,4,6,4,4,6,3,2,8,4,5,3,8,5,7,5,9,7,2,2,4,6,5,9,2,9
26:6,7,5,4,4,3,3,1,6,8,7,5,2,6,6,2,4,8,5,8,4,1,8,3,4,7,2,1,1,8
27:7,5,6,3,5,6,7,5,2,2,9,3,5,9,2,8,7,9,5,1,9,2,8,6,4,7,7,9,9,4
28:5,8,2,5,6,3,1,2,7,1,5,3,7,2,2,4,4,4,2,5,3,6,6,9,4,3,2,7,6,3
29:3,5,6,5,4,3,1,9,6,1,9,1,1,3,3,9,4,9,7,4,2,9,1,4,7,6,3,8,7,1
30:5,6,2,8,4,7,6,5,8,4,5,8,7,6,1,7,8,6,1,9,7,5,9,3,8,6,8,9,1,7
31:5,5,7,9,7,5,1,4,6,4,6,2,6,1,4,4,6,1,9,9,7,4,5,8,1,4,5,5,7,8
32:5,6,3,2,6,8,7,5,4,8,1,2,2,4,5,2,7,7,8,5,8,3,4,3,3,2,3,3,9,6
33:5,3,7,2,3,6,2,3,2,2,9,8,5,6,6,5,4,4,9,5,1,9,3,2,9,7,1,9,2,1
34:5,3,9,5,6,3,9,8,3,3,8,5,9,7,7,6,9,6,1,8,9,5,3,3,4,5,7,8,5,2
35:7,2,8,5,2,3,4,8,3,5,5,6,9,5,5,4,2,7,2,6,9,8,8,5,9,7,5,4,3,2
36:5,6,2,8,4,7,6,5,8,4,5,8,7,6,1,7,8,6,1,9,7,5,9,3,8,6,8,9,1,7
37:1,2,4,3,9,5,2,1,6,8,1,9,7,6,5,2,6,1,8,2,6,2,2,5,6,9,3,8,5,3
38:6,3,4,1,5,8,4,2,3,2,8,6,5,8,4,6,2,3,3,6,3,7,9,4,8,6,7,6,4,3
39:5,4,5,7,6,1,2,7,4,1,3,9,7,7,1,8,5,1,9,5,5,4,4,9,5,9,9,5,5,7
40:6,2,2,3,7,4,5,6,4,6,8,8,7,6,9,5,7,4,3,4,9,9,1,8,4,4,8,9,2,4
41:2,7,4,1,7,9,6,5,9,1,4,3,2,6,1,9,2,9,7,2,9,2,3,3,5,5,1,6,9,2
42:8,7,1,8,6,7,4,6,2,3,6,7,5,7,1,7,3,6,7,2,9,4,9,6,8,9,4,9,4,9
43:8,3,3,5,9,3,8,7,4,1,3,1,9,9,2,1,2,4,9,1,4,8,3,9,4,5,4,1,9,8
44:1,2,4,3,9,5,2,1,6,8,1,9,7,6,5,2,6,1,8,2,6,2,2,5,6,9,3,8,5,4
45:7,8,1,8,8,3,7,7,2,1,3,1,2,9,6,6,6,5,2,6,8,8,6,6,2,2,2,9,2,6
46:5,3,9,5,6,3,9,8,3,3,8,5,9,7,7,6,9,6,1,8,9,5,3,3,4,5,5,8,5,2
47:5,7,7,7,3,7,2,2,8,4,1,8,4,5,4,7,2,2,8,7,3,3,9,1,5,3,1,3,1,9
48:7,3,8,9,2,7,5,8,8,6,1,3,6,9,8,9,1,2,5,4,1,8,7,1,1,1,6,9,5,6
49:6,3,8,1,1,5,3,9,5,6,6,1,9,1,9,3,5,7,2,8,3,7,1,7,3,4,7,2,8,3
50:5,3,7,2,3,6,2,3,2,2,9,8,5,6,6,5,4,4,9,5,1,9,3,2,9,7,1,9,2,2
51:5,2,1,8,2,9,1,1,3,3,7,1,6,5,2,4,4,1,6,7,7,7,2,4,9,4,7,8,7,4
52:4,3,7,7,6,5,7,2,4,7,8,1,9,4,9,9,7,2,1,9,8,4,8,4,1,8,2,3,3,7
53:2,8,8,5,1,4,3,4,7,1,2,1,9,2,7,8,4,2,5,6,6,4,8,5,8,8,1,4,8,6
54:1,5,2,5,3,4,2,5,1,8,9,4,1,5,2,5,6,4,6,5,2,1,2,3,2,3,2,6,7,8
55:7,2,3,4,2,5,2,4,6,5,7,6,2,2,5,4,2,7,3,6,5,8,9,2,2,8,9,7,1,9
56:3,2,6,5,2,9,5,6,9,5,6,8,5,1,3,9,4,8,7,4,5,9,1,8,5,8,3,2,3,6
57:8,8,6,8,3,6,3,3,4,4,6,6,8,2,2,4,3,8,7,1,6,1,8,2,6,7,5,7,1,2
58:2,2,1,2,2,6,9,1,7,3,1,3,7,7,6,9,6,8,1,1,7,3,6,3,3,3,7,1,8,5
59:1,8,6,7,9,8,9,3,4,6,1,6,6,3,8,3,8,5,6,8,4,7,3,3,9,5,3,9,9,5
60:1,1,1,6,9,9,6,3,9,6,9,5,2,3,1,9,6,3,1,2,5,5,2,9,1,1,4,9,4,2
61:8,8,5,8,5,8,3,3,8,1,3,3,3,1,8,5,8,6,8,1,4,8,1,4,6,9,8,9,3,4
62:2,3,2,8,5,4,8,4,3,5,9,8,5,9,7,2,6,7,1,9,2,8,8,2,8,9,5,5,4,4
63:4,5,2,9,6,3,4,5,9,2,7,5,5,8,1,4,2,6,9,2,8,8,6,5,5,8,5,7,6,2
64:7,7,8,2,9,1,6,4,5,1,5,4,8,7,2,6,7,6,6,6,9,9,3,4,2,9,2,5,5,9
65:2,1,6,2,4,1,8,2,5,7,8,8,6,3,9,9,9,5,9,9,5,5,8,2,9,2,8,3,4,2
66:2,7,6,5,9,9,8,3,1,2,2,3,6,3,7,6,4,3,9,9,4,8,3,8,8,6,2,9,9,4
67:2,5,4,9,3,2,5,4,5,6,8,5,9,8,5,3,8,5,5,7,5,6,6,4,6,7,4,7,7,1
68:6,1,3,9,9,9,7,1,1,8,4,4,7,3,9,3,8,6,5,4,1,2,7,1,2,8,8,6,2,3
69:5,2,8,8,3,4,2,1,8,5,5,4,5,6,3,4,4,2,2,3,1,4,9,4,7,9,4,8,2,6
70:7,5,2,5,2,6,4,7,7,5,7,3,8,9,3,2,5,4,6,7,1,1,9,7,4,1,5,8,3,2
71:5,6,3,2,6,8,7,5,4,8,1,2,2,4,5,2,7,7,8,5,8,3,4,3,3,2,3,3,9,6
72:3,6,6,6,2,8,4,1,4,7,4,2,5,2,9,9,5,3,2,5,5,1,9,9,6,1,4,2,1,3
73:6,7,8,5,3,4,2,2,1,3,2,2,7,3,2,9,5,2,1,8,7,3,4,6,4,6,5,2,1,2
74:7,4,2,8,6,5,1,6,9,1,4,5,5,2,3,2,6,8,4,8,9,4,6,6,9,3,2,2,1,8
75:5,8,7,4,1,8,3,5,1,6,3,8,2,7,6,7,6,6,8,2,6,2,1,6,9,6,5,1,2,7
76:8,3,3,5,9,3,8,7,4,1,3,1,9,9,2,1,2,4,9,1,4,5,3,9,4,5,4,1,9,8
77:6,2,1,5,2,1,2,1,9,8,1,6,2,4,4,3,6,1,4,9,9,7,7,3,5,3,8,2,5,9
78:3,5,6,3,1,2,2,4,5,4,8,4,2,5,4,7,3,2,8,6,9,7,3,2,2,9,7,5,6,1
79:7,5,5,4,6,9,6,4,7,3,5,5,9,6,5,8,3,3,6,2,3,3,6,8,4,7,8,7,7,1
80:7,2,4,8,7,8,2,6,2,7,9,7,4,2,1,2,1,8,9,9,2,2,1,3,4,1,3,3,4,1
81:5,2,2,2,9,1,6,5,3,3,2,7,7,5,5,3,5,7,5,7,4,6,9,3,7,8,3,5,6,8
82:6,3,8,1,1,5,3,9,5,6,6,1,9,1,9,3,5,7,2,8,3,7,1,7,3,4,7,2,8,6
83:7,2,4,8,7,8,2,6,2,7,9,7,4,2,1,2,1,8,9,9,2,2,1,3,4,1,3,3,3,6
84:4,9,4,2,2,4,4,7,1,8,9,2,8,9,1,9,7,2,2,5,7,6,1,9,6,8,3,1,3,9
85:9,3,1,3,3,7,6,2,1,5,7,7,5,9,5,2,6,4,4,1,9,9,7,1,6,9,2,3,1,6
86:9,5,3,6,6,9,9,5,2,9,4,1,4,8,7,1,3,3,3,1,4,1,5,2,1,3,6,1,4,6
87:1,5,9,5,7,6,9,1,9,3,6,3,9,3,7,3,9,3,9,5,4,2,1,7,2,4,5,6,7,9
88:3,9,2,8,1,7,9,5,9,9,4,6,2,9,4,8,8,8,5,4,3,5,7,1,9,5,7,7,6,5
89:9,1,7,2,3,6,7,1,8,6,9,1,4,4,1,9,1,5,5,5,8,9,2,4,2,4,5,5,5,9
90:6,7,5,4,4,3,3,1,6,8,7,5,2,6,6,2,4,8,5,8,4,1,8,3,4,1,2,1,1,8
91:9,5,3,6,6,9,9,5,2,9,4,1,4,8,7,1,3,3,3,1,4,1,5,2,1,3,6,1,4,6
92:6,4,6,4,9,7,9,4,8,6,8,1,7,5,8,6,4,2,6,8,4,5,4,4,9,9,8,2,6,6
93:8,8,1,3,6,5,6,5,9,1,7,5,7,9,2,1,7,6,2,9,7,9,6,8,3,9,5,6,3,7
94:1,8,6,7,9,8,9,3,4,6,1,6,6,3,8,3,5,5,6,8,4,7,3,3,9,5,3,9,9,5
95:9,2,8,1,3,5,6,5,4,5,7,6,7,2,5,6,6,8,5,3,5,8,9,7,3,5,6,3,9,4
96:6,7,5,4,4,3,3,1,6,8,7,5,2,6,6,2,4,8,5,8,4,1,8,3,4,7,2,1,1,4
97:4,4,4,4,7,5,4,3,9,9,5,5,9,6,3,3,5,2,8,9,6,1,3,5,1,3,9,6,1,1
98:1,7,4,2,1,4,1,1,5,5,5,2,6,8,9,9,8,2,2,5,1,4,3,9,1,6,8,4,4,3
99:9,9,7,8,1,7,4,6,8,4,2,1,4,1,8,4,5,6,3,7,8,6,7,2,9,5,8,6,1,4
100:4,6,9,8,7,2,9,2,8,6,1,7,7,6,8,3,9,7,1,3,5,5,1,2,7,3,5,7,2,9
101:7,2,3,6,5,6,2,5,8,6,5,2,5,8,5,8,1,9,4,6,5,6,1,1,1,2,1,1,2,4
102:8,4,2,9,9,3,3,8,3,6,8,6,7,1,5,5,4,2,3,3,3,7,2,6,5,4,2,6,1,2
103:8,4,2,9,9,7,4,2,7,7,4,8,5,1,8,9,5,6,7,4,5,5,2,4,7,3,6,2,7,5
104:3,2,6,4,7,4,8,8,8,6,7,7,1,5,3,9,3,4,3,4,7,7,4,3,9,3,8,3,5,1
105:8,8,1,3,6,5,6,5,9,1,7,5,7,9,2,1,7,6,2,9,7,9,6,8,3,9,5,6,3,7
106:4,6,6,1,4,9,3,9,8,1,7,9,3,4,8,1,7,3,2,1,8,9,1,6,5,9,4,3,1,8
107:8,5,7,5,8,3,1,1,8,7,9,5,3,7,9,5,6,3,4,4,8,4,2,7,8,1,9,3,5,7
108:5,6,8,4,7,8,5,2,6,8,7,3,4,8,3,4,9,2,1,8,4,5,6,4,1,4,3,2,5,7
109:5,3,4,2,2,5,2,5,9,9,1,4,4,1,3,7,5,9,1,2,6,5,7,7,2,5,5,5,7,7
110:2,1,6,2,4,9,8,2,5,7,8,8,6,3,9,9,9,5,9,9,5,5,8,2,9,2,8,3,4,2
111:3,9,4,3,1,4,2,7,1,6,8,3,7,6,6,9,9,8,6,8,8,9,6,7,3,9,6,4,6,9
112:7,8,1,8,8,3,7,7,2,1,3,1,2,9,6,6,6,5,2,6,8,8,6,6,2,2,2,9,2,1
113:8,8,1,3,6,5,6,5,9,1,7,5,7,9,2,1,7,6,2,9,7,9,6,8,3,9,5,6,3,8
114:4,9,2,1,3,2,6,2,8,7,6,3,3,3,2,2,9,6,8,8,2,3,6,6,4,2,3,1,7,7
115:9,4,2,7,9,5,4,5,9,3,3,3,5,8,8,1,4,1,8,7,6,1,7,8,7,6,4,9,2,1
116:7,7,3,4,6,6,9,9,5,9,7,2,3,3,5,3,6,3,6,7,1,7,1,1,6,5,4,4,4,5
117:2,5,7,5,5,1,9,3,1,8,3,5,2,6,5,6,3,1,8,3,5,2,6,5,5,6,7,2,2,1
118:7,5,5,4,6,9,6,4,7,9,5,5,9,6,5,8,3,3,6,2,3,3,6,8,4,7,8,7,7,9
119:5,6,8,3,7,7,5,8,9,6,5,7,6,1,4,9,7,7,6,9,1,7,5,7,1,3,8,9,7,3
120:6,1,7,6,1,3,4,3,6,8,4,5,6,8,8,6,5,7,1,3,8,2,6,9,4,4,4,1,6,6
121:3,8,7,1,8,6,6,3,9,3,2,7,2,6,6,9,8,8,9,6,2,8,1,7,4,3,6,3,9,5
122:2,5,7,5,8,3,8,3,1,7,2,3,2,1,3,8,7,6,7,1,8,6,7,5,9,6,2,4,8,5
123:8,4,2,1,4,5,2,5,8,7,7,1,7,3,7,4,4,9,2,3,4,2,2,6,1,4,7,8,1,8
124:4,9,4,2,2,4,4,7,1,8,9,2,8,9,1,9,7,2,2,5,7,6,1,9,6,8,3,1,3,6
125:8,1,6,7,2,8,9,6,5,8,5,2,8,9,6,9,3,4,4,6,4,8,4,6,3,9,5,8,5,1
126:4,6,6,1,4,9,3,9,8,1,7,9,3,4,8,1,7,3,2,1,8,9,1,6,5,9,4,3,1,4
127:2,8,5,4,6,6,9,3,6,7,3,1,7,4,9,8,6,9,7,5,4,6,1,9,9,7,7,7,2,5
128:7,3,4,8,1,5,6,5,9,9,1,3,4,1,8,2,4,4,2,6,4,5,8,5,6,8,3,8,5,4
129:1,3,3,9,4,1,5,9,5,6,1,2,3,8,5,6,5,7,6,3,8,1,1,1,2,6,6,1,3,4
130:7,1,5,6,2,8,4,8,1,6,5,4,8,3,8,8,5,1,6,2,9,9,2,4,7,8,7,3,4,5
131:6,9,4,7,6,6,3,3,2,3,6,9,8,1,8,8,6,9,7,3,4,9,5,7,9,9,6,8,8,4
132:7,8,7,4,5,3,1,2,3,4,6,4,2,3,6,1,8,9,3,1,5,6,5,2,2,6,6,5,7,6
133:9,7,6,7,6,9,1,5,7,1,2,7,6,5,9,2,8,2,6,6,6,1,2,1,8,2,6,2,2,9
134:1,5,3,3,6,8,5,9,4,1,8,1,2,9,9,5,8,4,8,7,4,5,3,9,2,3,8,4,3,9
135:6,4,7,9,4,9,2,5,6,8,7,4,1,6,5,3,4,7,9,6,9,3,9,5,3,6,2,5,7,2
136:8,8,5,8,5,8,3,3,8,1,3,3,3,1,8,5,8,6,8,1,4,8,1,4,6,9,8,9,3,1
137:9,9,3,4,4,6,7,6,5,4,3,3,8,3,7,3,6,1,5,5,8,1,4,6,9,6,1,7,9,8
138:9,4,5,4,7,1,8,5,5,5,5,1,1,1,5,5,4,5,9,9,4,3,4,8,8,8,9,5,8,2
139:9,1,7,2,3,6,7,1,8,6,9,1,4,4,1,9,1,5,5,5,8,9,2,4,2,4,5,5,5,4
140:7,1,6,6,8,6,4,1,6,5,9,3,8,1,4,6,6,5,8,2,2,7,4,4,2,6,7,8,3,3
141:9,7,6,7,6,9,1,5,7,1,2,7,6,5,9,2,8,2,6,6,6,1,2,1,8,2,6,2,2,5
142:9,5,3,6,6,9,9,5,2,9,4,1,4,8,7,1,3,3,3,1,4,1,5,2,1,3,6,1,4,1
143:4,8,2,6,7,7,4,2,6,6,5,4,3,1,6,7,6,4,9,4,7,2,8,4,4,3,6,6,4,7
144:2,8,8,5,6,8,7,8,2,1,2,7,2,5,4,5,6,1,3,5,6,9,3,2,2,7,7,7,8,9
145:7,5,2,5,2,6,4,7,7,5,7,3,8,9,3,2,5,4,6,7,1,1,9,7,4,1,5,8,9,2
146:7,9,6,7,8,1,5,5,2,3,9,4,9,9,9,2,8,6,2,3,9,1,7,2,1,3,7,1,1,7
147:8,7,3,9,1,2,9,7,5,3,9,5,7,5,1,7,4,9,6,2,1,5,8,7,9,1,5,6,8,2
148:2,9,7,7,8,8,1,6,2,5,7,9,1,5,9,5,5,6,7,6,3,3,9,2,9,4,2,2,6,3
149:8,9,3,1,5,2,4,1,6,8,6,7,9,2,5,7,2,4,6,1,4,9,8,6,1,4,3,6,7,4
150:1,5,1,6,2,8,5,5,9,8,3,2,1,2,8,2,4,7,6,4,9,2,6,9,9,4,9,2,8,7
151:2,8,2,2,8,1,6,7,9,4,6,2,1,3,1,1,6,3,4,8,1,5,7,6,2,1,1,5,4,4
152:6,8,6,8,9,7,9,4,1,2,8,7,3,9,7,9,7,9,7,3,4,3,5,8,9,5,4,8,2,7
153:9,4,4,9,9,8,2,6,5,3,6,8,6,5,7,2,8,3,7,9,4,6,2,4,1,2,2,7,4,4
154:7,2,2,2,3,1,7,6,7,1,7,4,5,9,7,3,2,2,9,4,4,7,8,4,8,5,1,2,6,4
155:4,3,9,8,9,4,1,5,5,2,9,3,3,8,7,7,9,9,4,9,4,9,8,4,2,9,5,6,7,6
156:5,3,9,5,6,3,9,8,3,3,8,5,9,7,7,6,9,6,1,8,9,5,3,3,4,5,5,8,5,9
157:5,3,4,2,2,5,2,5,9,9,1,4,4,1,3,7,5,9,1,2,6,5,7,7,2,5,5,5,7,7
158:3,1,6,6,4,5,4,2,3,1,4,7,7,6,8,9,2,4,9,9,9,7,8,7,3,6,5,1,1,4
159:4,6,6,1,4,9,3,9,8,1,7,9,3,4,8,1,7,3,2,1,8,9,6,6,5,9,4,3,1,4
160:9,6,2,5,3,3,6,6,1,1,4,4,1,7,8,7,1,2,8,2,6,8,7,8,4,9,9,7,8,5
161:5,7,8,8,6,8,5,9,5,9,9,6,5,8,9,6,3,1,4,2,6,8,6,2,5,3,9,8,2,6
162:5,9,7,3,5,5,6,6,9,8,5,8,4,6,5,1,9,4,6,9,6,2,9,6,5,8,4,7,4,1
163:4,5,2,9,6,3,4,5,9,2,7,5,5,8,1,4,2,6,9,2,8,8,6,5,5,1,5,7,6,2
164:3,2,6,3,1,2,2,4,5,4,8,4,2,5,4,7,3,2,8,6,9,7,3,2,2,9,7,5,6,1
165:3,5,2,6,4,8,3,2,5,2,4,6,3,3,4,1,1,5,2,3,6,1,3,7,4,6,3,5,1,1
166:3,9,8,3,1,9,9,7,9,6,2,8,6,9,6,9,3,3,6,5,2,7,2,8,6,5,3,1,6,9
167:5,2,1,8,2,9,1,1,3,3,7,1,6,5,7,4,4,1,6,7,7,7,2,4,9,4,7,8,7,4
168:5,3,7,2,3,6,2,3,2,2,9,8,5,6,6,5,5,4,9,5,1,9,3,2,9,7,1,9,2,2
169:8,1,7,2,7,5,3,5,2,7,3,3,6,6,5,2,9,6,3,8,5,3,4,1,9,8,5,9,7,8
170:8,4,2,9,9,7,3,2,7,7,4,8,5,1,8,9,5,6,7,4,5,5,2,4,7,3,6,2,7,2
171:8,9,6,8,6,3,6,8,9,5,9,7,6,7,8,9,8,3,6,5,9,2,8,4,7,2,5,7,1,2
172:4,8,3,4,1,1,3,5,7,7,9,7,3,4,3,8,6,6,8,4,7,9,6,2,4,1,1,1,4,1
173:5,4,8,5,6,8,4,7,1,7,2,8,1,6,4,4,2,8,8,6,6,1,4,2,7,8,1,5,2,8
174:6,8,6,1,1,3,1,5,8,2,2,2,1,9,5,3,6,1,1,2,2,1,8,9,3,7,6,5,9,1
175:6,4,7,9,4,9,2,5,6,8,7,4,1,6,5,3,4,7,9,6,9,3,9,5,3,6,2,5,7,6
176:6,9,6,7,7,3,8,3,9,8,2,6,3,4,7,3,8,2,8,5,7,1,4,4,3,1,7,6,8,2
177:1,3,3,9,4,1,5,9,5,6,1,2,3,8,5,6,5,7,6,3,8,1,5,1,2,6,6,1,3,4
178:3,7,1,1,8,2,4,2,6,2,2,5,8,2,7,8,2,6,9,2,2,2,5,8,6,7,8,3,4,1
179:6,6,9,5,2,6,7,5,4,4,9,2,3,6,4,1,7,9,6,4,1,1,4,4,5,2,9,6,8,2
180:2,4,2,7,5,6,5,2,6,5,8,8,1,7,7,7,8,2,3,9,7,3,5,8,1,7,4,6,4,3
181:6,6,8,1,4,2,4,8,8,4,5,6,1,2,5,9,5,1,7,7,5,9,9,7,4,2,1,3,5,6
182:7,7,5,8,6,1,9,3,5,7,6,2,6,1,8,7,5,3,9,3,1,9,6,8,5,6,6,4,4,6
183:8,7,3,9,1,2,9,7,5,3,9,5,7,5,1,7,4,9,6,2,1,5,8,7,9,1,5,6,8,2
184:3,3,2,3,8,3,5,1,9,4,2,1,4,2,1,8,9,7,7,3,2,8,5,2,2,5,5,1,7,6
185:7,1,6,1,4,9,5,7,3,2,7,1,6,5,9,4,9,5,9,3,1,4,2,6,8,7,5,2,1,6
186:8,5,7,5,5,3,2,8,9,3,1,3,9,5,1,3,7,4,5,1,3,2,9,8,2,7,4,5,1,4
187:2,7,8,7,9,8,3,5,7,3,4,4,4,1,2,1,3,6,9,3,1,6,9,1,3,3,3,1,1,9
188:3,3,7,6,8,9,1,7,4,7,5,9,6,1,2,9,1,6,8,1,3,5,5,6,1,4,4,8,4,1
189:1,4,4,7,7,7,8,7,4,1,2,6,4,7,1,1,6,9,9,9,5,3,9,2,5,1,4,3,9,8
190:9,7,4,2,1,3,9,4,9,6,1,7,2,9,1,2,2,2,3,8,7,7,6,9,2,2,9,5,8,4
191:1,9,7,5,8,8,4,7,1,2,1,5,9,6,5,7,3,9,4,9,7,5,4,9,1,2,2,8,6,8
192:5,9,7,3,5,5,6,6,9,8,5,8,4,6,5,1,9,4,6,3,6,2,9,6,5,8,4,7,4,2
193:9,8,3,5,2,3,6,3,9,5,9,9,9,3,2,6,8,7,4,3,5,1,8,4,5,5,9,1,2,2
194:8,3,3,5,9,3,8,7,4,1,3,1,9,9,2,1,2,4,9,1,4,5,3,9,4,5,4,1,9,9
195:7,3,8,9,2,7,5,8,8,6,1,3,6,9,8,9,1,2,2,4,1,8,7,1,1,1,6,9,5,6
196:5,4,1,6,4,2,7,8,2,1,5,3,5,5,1,5,8,6,1,1,5,3,6,6,3,9,1,3,5,5
197:3,8,4,5,2,5,9,3,2,8,8,3,3,4,5,5,4,8,7,4,1,5,8,8,3,4,5,2,2,2
198:5,2,8,6,5,7,3,7,8,8,4,9,6,5,7,9,5,7,6,1,2,4,7,1,6,1,1,6,2,1
199:3,9,2,8,1,7,9,5,9,9,4,6,5,9,4,8,8,8,5,4,3,5,7,1,9,5,7,7,6,8
200:5,9,2,3,9,2,6,8,6,7,5,4,6,7,2,7,1,8,4,9,2,4,8,3,9,6,1,8,2,5
201:1,5,2,5,3,4,2,5,1,5,9,4,1,5,2,5,6,4,6,5,2,1,2,3,2,3,2,6,7,4
202:6,4,7,9,4,9,2,5,6,8,7,2,1,6,5,3,4,7,9,6,9,3,9,5,3,6,2,5,7,6
203:7,6,2,4,4,5,7,4,2,2,3,5,8,1,7,5,7,1,6,1,7,1,5,2,6,8,7,2,1,7
204:6,4,5,6,7,7,6,5,6,1,7,7,5,4,6,5,3,5,9,1,4,2,9,3,1,3,2,6,1,7
205:1,5,2,5,3,4,2,5,1,8,9,4,1,5,2,5,6,4,6,5,2,1,2,3,2,3,2,6,7,4
206:5,9,8,7,7,5,9,5,9,3,8,1,5,9,8,9,2,2,3,9,2,4,6,5,3,5,3,5,6,3
207:8,1,5,4,5,7,2,3,7,9,4,8,9,8,9,2,2,9,8,7,5,5,6,2,1,6,3,6,5,1
208:9,6,9,8,8,5,2,5,3,3,2,6,6,7,6,4,9,4,9,9,7,7,6,1,8,3,7,4,9,8
209:5,4,4,4,9,3,5,8,8,7,7,3,2,9,9,9,9,2,3,9,3,6,4,9,5,1,5,4,1,9
210:9,1,7,2,3,6,7,1,8,6,9,1,4,4,1,9,1,5,5,5,8,9,2,4,2,4,5,5,5,9
211:1,2,5,9,2,3,2,5,7,9,2,4,8,5,9,2,8,2,3,6,6,1,5,3,1,6,1,5,3,3
212:6,7,6,9,6,6,6,2,7,8,5,8,6,6,6,7,6,1,1,2,4,1,5,4,9,7,6,8,5,5
213:7,1,5,5,3,2,4,9,4,9,8,4,5,9,5,7,1,5,3,4,3,4,7,6,3,3,1,6,5,4
214:7,9,5,8,4,9,4,5,8,6,2,8,2,3,3,1,7,4,9,8,2,2,8,7,2,3,4,4,2,6
215:3,6,7,4,1,7,1,9,3,6,3,8,9,6,4,6,1,9,9,2,4,1,8,5,6,5,4,1,3,3
216:1,1,9,3,8,1,4,1,1,8,2,5,4,9,5,8,2,6,1,9,2,2,7,5,5,1,4,2,8,5
217:3,7,1,1,8,2,4,2,6,2,2,5,8,2,7,8,2,6,9,2,2,2,5,8,6,7,8,1,4,6
218:2,1,6,2,4,1,8,2,5,7,8,8,6,3,9,9,9,5,9,9,5,5,8,2,9,2,8,3,4,2
219:5,9,8,6,4,1,4,8,5,2,4,1,7,9,6,1,7,3,8,3,5,9,7,6,5,3,8,3,4,1
220:9,2,7,1,8,3,1,2,1,1,1,3,1,9,1,3,1,4,7,9,7,2,8,2,9,6,7,6,3,4
221:6,4,1,1,3,5,6,8,1,9,1,1,9,3,2,8,8,4,4,5,7,7,1,2,5,2,3,2,8,7
222:2,8,5,4,6,6,9,3,6,7,3,1,7,4,9,8,6,9,7,5,4,6,1,9,9,7,7,7,2,7
223:1,4,8,4,1,4,6,4,4,6,3,2,8,4,5,3,8,5,7,5,9,7,2,2,4,6,5,9,2,7
224:6,6,1,8,1,7,4,1,9,6,3,7,6,3,4,7,1,8,9,3,3,3,8,2,6,2,7,6,1,4
225:3,6,6,3,4,1,2,2,2,7,2,2,2,6,9,4,4,5,7,7,9,5,1,8,1,1,1,7,5,9
226:8,1,9,8,7,2,3,1,7,5,6,6,5,8,3,8,3,5,6,6,5,8,6,9,8,3,5,4,7,2
227:6,3,3,2,1,9,5,3,9,6,2,4,6,5,1,1,5,2,8,2,6,4,4,8,9,3,2,1,4,7
228:1,1,9,3,8,1,4,1,1,8,2,5,4,9,5,8,2,6,1,9,2,2,7,5,5,1,4,2,8,2
229:8,6,6,3,6,8,1,9,5,3,9,4,5,8,7,6,2,7,1,7,9,1,3,5,1,9,5,7,6,1
230:2,6,1,8,3,2,4,3,8,5,5,5,3,7,3,5,4,6,5,3,6,6,7,5,9,3,9,1,7,4
231:4,4,1,9,7,4,6,1,8,5,7,1,4,8,4,2,8,1,6,9,6,7,7,5,2,3,9,5,4,9
232:8,4,8,9,2,1,5,5,8,1,8,4,2,8,7,2,2,8,4,7,5,7,2,4,3,6,6,8,4,5
233:9,1,1,2,7,8,9,5,3,8,4,9,5,6,1,8,4,5,3,7,9,6,9,7,4,7,2,9,2,8
234:5,2,8,8,3,4,2,1,8,5,5,6,5,6,3,4,4,2,2,3,1,4,9,4,7,9,4,8,2,9
235:8,8,5,8,5,8,3,3,8,1,3,3,3,1,8,5,8,6,8,1,4,8,7,4,6,9,8,9,3,1
236:4,9,4,2,2,4,4,7,1,8,9,2,8,9,1,9,7,2,2,5,7,6,1,9,6,8,3,5,3,9
237:7,7,8,7,7,2,6,6,1,7,6,1,7,5,5,9,1,9,7,1,1,7,2,3,9,8,9,5,7,7
238:7,6,4,6,9,1,6,4,8,1,7,2,3,3,1,2,9,6,9,5,5,2,4,7,1,5,8,6,6,9
239:7,4,8,3,6,1,1,7,9,8,2,9,3,1,3,2,2,4,3,1,1,6,7,4,7,1,3,3,9,8
240:4,7,2,6,7,7,4,2,6,6,5,4,3,1,6,7,6,4,9,4,7,2,8,4,4,3,6,6,4,9
241:7,5,2,5,2,6,4,7,7,5,7,3,8,9,3,2,5,4,6,7,1,1,9,7,4,1,5,8,9,6
242:6,4,6,4,9,7,9,7,8,6,8,1,7,5,8,6,4,2,6,8,4,5,4,4,9,9,8,2,6,8
243:5,8,9,7,5,5,9,1,5,2,2,5,1,1,7,5,8,3,7,8,8,9,9,1,8,3,2,2,8,2
244:1,5,2,1,2,6,7,9,6,9,8,9,9,5,7,5,7,5,1,1,7,1,1,4,5,4,2,3,7,1
245:8,2,5,6,5,7,4,9,4,2,5,4,4,7,2,8,4,1,4,7,7,8,8,1,5,2,8,9,1,9
246:3,4,9,1,8,2,8,5,6,7,1,2,6,7,6,8,7,9,5,9,4,4,8,1,5,4,1,1,1,2
247:6,2,4,9,7,5,3,6,2,9,2,6,3,5,1,6,4,8,6,3,8,7,2,1,8,3,1,7,2,9
248:1,2,5,9,2,3,2,5,7,9,2,4,8,5,9,2,8,2,3,6,6,1,5,3,1,6,1,5,3,3
249:5,2,8,8,3,4,2,1,8,5,5,6,5,6,3,4,4,2,2,3,1,4,9,4,7,9,4,8,2,6
250:3,1,7,4,1,8,8,9,7,9,8,1,7,9,7,7,7,3,9,5,9,1,8,6,8,7,1,5,8,2
251:3,2,1,6,4,7,1,8,6,3,6,1,8,2,7,7,7,8,9,3,9,7,2,1,7,5,3,1,9,1
252:7,2,3,6,5,6,2,5,8,6,5,2,5,8,5,8,1,9,4,6,5,6,2,1,1,2,1,1,2,4
253:7,5,5,6,8,3,6,8,6,7,3,5,3,2,5,8,5,2,4,1,5,3,9,6,6,7,4,5,5,5
254:8,4,4,5,1,5,1,1,3,3,3,1,7,3,2,2,2,6,7,8,5,9,5,8,7,1,5,2,3,3
255:3,9,7,5,4,8,2,2,3,6,8,2,8,7,9,2,3,1,7,7,7,3,9,1,5,6,1,9,5,7
256:2,1,6,4,7,1,1,8,3,3,2,8,5,6,5,6,4,4,8,6,5,2,7,6,1,5,6,6,6,2
257:5,8,7,4,1,8,3,5,1,6,3,8,2,7,6,7,6,6,8,2,6,2,1,6,9,6,5,1,2,6
258:9,4,6,2,5,5,2,2,5,3,4,6,2,5,7,6,5,8,6,5,2,7,3,8,1,4,8,4,3,8
259:6,4,6,4,9,7,9,7,8,6,8,1,7,5,8,6,4,2,6,8,4,5,4,4,9,9,8,2,6,6
260:2,8,8,8,1,4,3,4,7,1,2,1,9,2,7,8,4,2,5,6,6,4,8,5,8,8,1,4,8,2
261:3,1,9,5,9,2,4,4,8,6,9,3,9,2,9,1,2,1,5,1,2,7,3,5,7,8,2,2,6,3
262:7,9,8,3,5,4,4,3,5,1,2,3,1,3,9,6,3,7,6,6,5,7,5,5,2,1,4,9,2,3
263:5,8,4,9,9,9,5,5,6,4,6,5,2,1,4,6,8,6,3,9,2,2,6,2,4,4,5,1,3,4
264:9,8,4,2,7,7,2,9,3,4,3,9,5,2,4,5,4,2,3,8,8,9,6,2,5,1,3,7,7,7
265:5,7,3,2,1,3,4,6,4,6,7,7,1,4,2,3,1,8,6,4,7,2,4,3,6,6,1,5,9,2
266:6,3,8,4,1,5,3,9,5,6,6,1,9,1,9,3,5,7,2,8,3,7,1,7,3,4,7,2,8,6
267:7,9,6,7,8,1,5,5,2,3,9,8,9,9,9,2,8,6,2,3,9,1,7,2,1,3,7,1,1,7
268:2,2,7,1,1,2,7,7,1,8,1,2,1,8,9,5,2,2,7,8,3,1,4,3,8,2,5,9,9,7
269:1,3,2,7,8,3,9,3,3,5,3,6,6,2,2,6,6,5,3,2,7,6,2,4,9,8,9,6,7,5
270:2,7,8,7,7,8,3,5,7,3,4,4,4,1,2,1,3,6,9,3,1,6,9,1,3,3,3,1,1,9
271:6,1,3,9,9,9,7,1,1,8,4,4,7,3,9,3,8,6,4,4,1,2,7,1,2,8,8,6,2,4
272:4,4,5,3,1,1,3,5,5,3,2,7,4,8,9,7,2,2,3,5,4,2,8,6,1,8,2,7,3,4
273:3,4,5,1,9,9,9,4,7,2,2,4,6,9,1,8,7,5,6,8,4,4,9,9,7,3,1,4,5,9
274:3,5,8,8,3,6,8,8,6,6,5,9,9,3,7,2,4,3,3,7,5,4,5,1,5,9,9,5,2,7
275:6,6,9,5,7,6,7,5,4,4,9,2,3,6,4,1,7,9,6,4,1,1,4,4,5,2,9,6,8,6
276:9,4,6,2,5,5,2,2,5,3,4,6,2,5,7,6,5,8,6,5,2,7,3,8,1,4,8,4,3,4
277:8,2,5,6,5,7,4,9,4,2,5,4,4,7,2,8,4,1,4,7,7,8,8,7,5,2,8,9,1,9
278:8,1,7,2,7,5,3,5,2,7,3,3,6,6,5,2,9,6,3,8,5,3,4,1,9,8,5,9,7,2
279:3,2,6,3,1,2,2,4,5,4,8,4,2,5,4,7,3,2,8,6,9,7,3,2,2,9,7,5,6,1
280:2,7,8,4,9,8,8,2,7,8,4,3,6,4,5,8,5,7,5,3,7,2,1,4,8,3,2,5,9,9
281:8,7,9,8,7,2,3,1,7,5,6,6,5,8,3,8,3,5,6,6,5,8,6,9,8,3,5,4,7,2
282:7,6,1,3,3,3,9,3,7,9,8,4,8,6,9,6,2,2,8,2,7,5,2,3,8,7,3,3,1,4
283:7,3,1,7,9,5,2,1,1,8,3,4,8,9,4,7,3,7,3,3,7,8,7,1,4,8,8,1,7,2
284:1,7,4,2,1,4,1,1,5,5,5,2,6,8,9,9,8,2,2,5,1,4,3,9,1,6,8,4,4,7
285:5,6,7,1,3,3,9,7,8,1,3,8,4,6,4,2,3,9,8,3,9,6,1,4,5,7,4,6,3,1
286:9,9,7,8,1,7,4,6,8,1,2,1,4,1,8,4,5,6,3,7,8,6,7,2,9,5,8,6,1,4
287:7,5,5,4,6,9,6,4,7,9,5,5,9,6,5,8,3,3,6,2,3,3,6,8,4,7,8,7,7,1
288:7,2,3,6,5,6,2,5,8,6,5,2,5,8,5,8,1,9,4,6,5,6,1,1,1,2,1,1,2,2
289:9,8,1,9,1,9,9,8,9,9,1,8,6,9,6,4,5,8,9,8,5,9,5,5,3,6,4,5,1,8
290:1,1,1,6,9,9,9,3,9,6,9,5,2,3,1,9,6,3,1,2,5,5,2,9,1,1,4,9,4,6
291:2,1,6,4,7,1,1,8,3,3,2,8,5,6,5,6,4,4,8,6,5,2,7,6,1,5,6,6,6,2
292:7,5,3,8,3,7,9,5,6,5,3,9,3,5,8,2,6,9,7,8,5,4,1,9,1,2,8,5,5,1
293:8,3,8,3,1,6,7,3,8,8,9,4,3,8,2,3,5,7,5,6,5,3,3,9,9,3,1,5,8,5
294:5,2,8,6,7,1,5,4,3,8,5,9,2,5,6,1,9,9,8,5,9,9,8,1,3,9,3,6,2,6
295:3,8,4,5,6,4,7,9,7,8,2,4,7,9,8,7,7,1,3,9,1,4,6,6,8,1,7,7,2,7
296:7,2,8,5,2,3,4,8,3,5,5,6,9,6,5,4,2,7,2,6,9,8,8,5,9,7,5,4,3,2
297:7,8,4,7,5,4,5,4,8,6,3,2,2,5,9,7,6,9,6,5,8,6,8,9,2,4,3,6,8,6
298:4,6,1,4,3,9,6,4,9,5,9,2,6,1,8,4,9,8,2,3,3,1,6,5,4,7,2,2,1,9
299:2,7,4,4,6,5,6,7,3,2,6,2,4,4,2,2,6,8,9,3,6,5,1,4,2,1,8,4,1,2
300:8,1,5,4,5,7,2,3,7,9,4,8,9,8,9,2,2,9,8,7,1,5,6,2,1,6,3,6,5,1
301:1,6,1,8,8,2,3,6,5,3,5,2,7,9,7,6,8,4,9,5,2,3,7,1,2,6,6,3,2,6
302:5,9,7,3,5,5,6,6,9,8,5,8,4,6,5,1,9,4,6,3,6,2,9,6,5,8,4,7,4,1
303:1,1,9,3,8,1,4,1,1,8,2,5,4,9,5,8,2,6,1,9,2,2,7,7,5,1,4,2,8,2
304:2,9,1,8,5,5,7,6,7,3,3,8,9,1,9,2,2,1,3,7,7,5,9,7,2,8,4,9,8,9
305:6,3,3,2,1,9,5,3,9,9,2,4,6,5,1,1,5,2,8,2,6,4,4,8,9,3,2,1,4,7
306:2,2,7,1,1,2,7,7,1,8,1,2,1,8,9,5,2,2,7,8,3,1,4,3,8,2,5,9,9,7
307:7,5,5,6,8,3,6,8,6,7,3,5,3,2,5,8,5,2,4,1,5,3,9,6,6,7,4,3,5,1
308:1,5,7,2,8,7,7,8,2,1,9,4,1,9,8,7,7,7,7,1,6,5,1,2,7,6,2,9,2,8
309:4,7,3,1,3,6,9,8,7,1,6,8,2,1,1,3,7,8,7,8,4,9,6,9,8,2,7,4,5,8
310:9,5,3,8,5,1,4,4,3,7,9,5,5,3,7,3,4,1,7,5,6,9,6,8,7,2,4,3,7,9
311:9,2,5,3,1,2,8,7,6,1,1,1,3,4,2,6,7,1,5,1,7,9,4,3,2,2,7,6,8,5
312:9,4,6,1,6,6,9,3,2,5,9,8,9,2,1,3,7,4,4,7,8,7,8,7,6,3,5,6,2,4
313:9,4,5,4,7,1,8,5,5,5,5,1,1,1,5,5,4,5,9,9,4,3,4,8,8,8,9,5,8,5
314:1,3,8,2,1,1,2,6,3,1,2,7,8,6,9,2,2,2,6,4,1,1,6,9,4,6,1,9,9,9
315:3,3,7,6,8,9,1,5,4,7,5,9,6,1,2,9,1,6,8,1,3,5,5,6,1,4,4,8,4,4
316:5,9,8,6,4,1,4,8,5,2,4,1,7,9,6,1,7,3,8,3,5,9,7,6,5,3,8,3,4,6
317:5,3,2,4,8,1,2,2,3,8,3,6,3,4,7,9,5,6,3,9,3,7,1,6,1,9,4,7,1,5
318:8,6,8,3,1,9,3,4,2,3,3,1,3,1,3,3,1,5,8,9,8,6,9,1,3,4,1,8,4,8
319:9,4,5,4,7,1,8,5,5,5,5,1,1,1,5,5,4,5,9,9,4,3,4,8,8,8,9,5,5,5
320:8,6,6,3,6,8,1,9,5,3,9,4,5,8,7,6,2,7,1,7,9,1,3,5,1,9,5,2,6,3
321:5,6,4,7,8,1,9,7,1,9,3,9,4,2,6,1,9,3,1,7,7,2,5,5,6,3,1,9,3,7
322:6,2,1,5,2,1,2,1,9,8,1,6,2,4,4,3,6,1,4,9,9,7,7,3,5,3,8,2,5,7
323:4,1,4,1,4,4,6,7,9,5,4,6,2,5,7,1,9,1,8,6,9,3,2,3,4,1,9,7,8,9
324:7,9,8,3,2,9,9,5,4,4,1,3,5,8,3,6,7,7,2,4,1,2,7,3,2,9,9,6,8,7
325:9,6,4,7,8,4,6,9,9,7,3,1,7,6,9,3,6,4,5,8,2,2,7,9,9,6,5,6,9,6
326:8,6,5,1,2,1,8,9,1,9,1,2,4,3,8,6,6,6,5,4,1,3,7,4,2,1,7,1,3,6
327:3,2,6,4,7,4,8,8,8,6,7,7,1,5,3,9,3,4,3,4,7,7,4,3,9,3,1,3,5,9
328:8,9,7,8,7,4,9,8,7,4,5,5,6,4,5,7,8,2,3,8,8,7,2,5,2,8,7,9,3,4
329:8,1,8,1,9,8,1,9,4,4,1,6,9,2,6,6,8,8,8,5,9,5,5,6,4,6,2,5,1,6
330:6,1,7,6,1,3,4,3,6,8,4,5,6,8,8,6,5,7,6,3,8,2,6,9,4,4,4,1,6,6
331:5,6,3,2,6,8,7,5,4,8,1,2,2,4,5,2,7,7,8,5,8,3,4,3,3,2,3,3,9,1
332:1,7,2,2,1,4,1,1,5,5,5,2,6,8,9,9,8,2,2,5,1,4,3,9,1,6,8,4,4,3
333:8,7,3,9,1,2,9,7,5,3,9,5,7,5,1,7,4,9,6,2,1,5,8,7,9,1,5,6,8,7
334:1,3,3,9,4,1,5,9,5,6,1,2,3,8,5,6,5,7,6,3,8,1,1,1,2,6,6,1,3,9
335:3,1,6,8,4,6,6,9,3,2,1,7,2,3,7,2,5,1,5,1,1,6,7,1,6,5,1,6,6,5
336:2,8,2,2,8,1,6,7,9,4,6,2,1,3,1,1,6,3,4,8,1,9,7,6,2,1,1,5,4,2
337:5,6,4,7,8,1,9,7,1,9,3,9,4,2,6,1,9,3,1,7,7,2,5,5,6,3,1,9,3,4
338:6,3,3,2,1,9,5,3,9,6,2,4,6,5,1,1,5,2,8,2,6,4,4,8,9,3,2,1,4,8
339:8,4,3,1,1,9,4,6,6,1,2,4,8,3,5,8,2,2,7,9,7,8,3,4,2,3,7,3,9,3
340:5,9,6,5,8,4,1,6,1,8,7,3,7,1,4,8,4,6,6,5,6,9,9,9,2,1,7,3,1,4
341:6,6,6,9,3,7,5,6,4,1,8,3,7,9,7,8,4,6,3,5,7,6,8,2,5,5,1,2,4,3
342:5,3,6,4,4,4,2,3,3,7,9,3,7,2,8,3,3,6,1,1,1,2,4,2,8,3,3,7,6,8
343:7,2,2,2,3,1,7,6,7,1,7,4,5,9,7,3,2,2,9,4,4,7,8,4,5,5,1,2,6,7
344:9,8,8,2,5,1,7,3,3,9,9,6,7,7,2,2,1,6,4,6,8,2,2,4,3,6,6,2,3,7
345:1,3,8,2,1,1,2,6,3,1,2,7,8,6,9,2,2,2,6,4,1,1,6,9,4,6,1,9,9,9
346:1,7,1,9,5,8,8,7,8,3,1,1,9,7,4,2,8,2,6,7,3,4,1,5,5,3,5,9,9,6
347:1,4,8,4,1,1,6,4,4,6,3,2,8,4,5,3,8,5,7,5,9,7,2,2,4,6,5,9,2,7
348:5,9,8,6,4,1,4,8,5,2,4,1,7,9,6,1,7,3,8,3,5,9,7,6,5,7,8,3,4,1
349:1,2,4,8,9,5,2,1,6,8,1,9,7,6,5,2,6,1,8,2,6,2,2,5,6,9,3,8,5,3
350:9,4,4,9,9,8,2,6,5,3,1,8,6,5,7,2,8,3,7,9,4,6,2,4,1,2,2,7,4,4
351:2,3,6,3,9,9,8,1,9,2,2,7,9,3,3,4,8,6,4,7,3,9,3,4,3,7,5,4,9,2
352:3,5,6,1,4,3,1,9,6,1,9,1,1,3,3,9,4,9,7,4,2,9,1,4,7,6,3,8,7,1
353:8,9,5,9,9,6,7,2,1,9,7,9,7,7,1,9,4,1,3,6,4,4,5,1,9,1,2,1,8,3
354:3,6,2,2,8,7,4,8,3,4,5,5,5,2,2,6,2,2,4,3,5,6,8,9,3,5,2,2,6,2
355:5,2,5,6,9,6,1,5,6,7,7,2,9,8,6,2,8,6,9,4,6,5,1,5,2,7,2,1,6,7
356:9,7,4,2,1,3,9,4,9,6,1,7,2,9,1,2,2,2,3,8,4,7,6,9,2,2,9,5,8,1
357:6,3,8,8,9,7,6,8,7,7,2,1,2,3,3,2,1,5,3,8,1,2,3,4,4,9,3,9,1,2
358:9,8,4,2,7,7,2,9,3,4,3,9,5,2,4,5,4,2,3,8,8,9,6,2,5,1,3,7,7,9
359:2,7,8,7,9,8,3,5,7,3,4,4,4,1,2,1,3,6,9,3,1,6,9,1,3,3,3,1,1,1
360:1,7,2,7,9,5,3,6,8,1,9,1,8,2,7,5,4,4,6,9,2,9,8,4,5,9,7,3,2,6
361:6,3,5,8,6,1,5,5,3,8,1,1,4,6,2,9,9,7,7,7,5,6,8,7,5,2,9,2,7,7
362:7,5,3,8,3,7,9,5,6,5,4,9,3,5,8,2,6,9,7,8,5,4,1,9,1,2,8,5,5,1
363:6,1,3,9,9,9,7,1,1,8,4,4,7,3,9,3,8,6,4,4,1,2,7,1,2,8,8,6,2,3
364:7,3,8,9,2,7,5,8,8,6,1,3,6,9,8,9,1,2,2,4,1,8,7,1,1,1,6,9,5,8
365:6,8,2,9,3,7,5,9,6,9,7,1,1,3,5,5,1,3,4,3,3,5,5,4,2,2,1,3,5,3
366:3,9,2,8,1,7,9,5,9,9,4,6,2,9,4,8,8,8,5,4,3,5,7,1,9,5,7,7,6,8
367:8,1,8,8,3,9,2,9,5,7,2,1,4,7,7,2,3,6,5,8,2,6,4,9,2,9,4,6,3,8
368:3,1,9,9,4,2,5,4,3,2,2,8,6,5,5,1,6,2,2,9,6,6,2,6,9,8,1,3,6,1
369:1,3,1,4,5,3,4,5,7,7,4,9,3,9,2,1,8,4,9,6,8,7,2,8,3,9,9,1,2,1
370:7,8,5,8,6,1,9,3,5,7,6,2,6,1,8,7,5,3,9,3,1,9,6,8,5,6,6,4,4,7
371:4,7,7,9,9,1,7,7,8,8,6,5,6,9,7,2,4,6,5,7,9,5,5,3,1,5,4,4,1,1
372:1,1,3,3,9,4,2,5,4,1,2,7,7,5,4,9,5,7,4,3,8,7,6,8,5,7,1,5,6,9
373:2,8,2,2,8,1,6,7,9,4,6,2,1,3,1,1,6,3,4,8,1,9,7,6,2,1,1,5,4,4
374:8,6,5,1,2,1,8,9,1,9,1,2,4,3,8,6,6,6,5,4,1,3,7,4,2,1,7,1,3,3
375:7,2,2,2,3,1,7,6,7,1,7,4,5,9,7,3,2,2,9,4,4,7,8,4,8,5,1,2,6,7
376:2,8,8,5,1,4,3,4,7,1,2,1,9,2,7,8,4,2,5,6,6,4,8,5,8,8,1,4,8,2
377:9,4,6,1,6,6,9,3,2,5,9,8,9,2,1,5,7,4,4,7,8,7,8,7,6,3,5,6,2,4
378:9,7,3,3,3,2,3,4,7,2,7,3,6,4,2,9,7,2,6,3,2,6,2,6,3,8,8,4,3,4
379:1,8,6,7,9,8,9,3,4,6,1,6,6,3,8,3,8,5,6,8,4,7,3,3,9,5,3,9,9,5
380:2,1,6,4,7,1,1,8,3,3,2,8,5,6,5,6,4,4,8,6,6,2,7,6,1,5,6,6,6,2
381:7,9,6,7,8,1,5,5,2,3,9,8,9,9,9,2,8,6,2,3,9,1,7,2,1,3,7,1,1,6
382:4,5,2,9,6,3,4,5,9,2,7,5,5,8,1,4,2,6,9,2,8,8,6,5,5,8,5,7,6,9
383:7,4,2,8,6,5,1,6,9,1,4,5,5,2,3,2,6,8,4,8,9,4,6,6,9,3,2,2,1,1
384:7,1,3,5,4,7,1,9,8,4,1,7,6,1,7,8,8,4,7,5,3,5,5,6,7,8,9,1,6,2
385:6,6,7,7,2,6,9,1,3,9,7,8,9,2,5,3,5,2,1,5,7,4,8,1,5,5,8,3,8,2
386:3,7,1,1,8,2,4,2,6,2,2,5,8,2,7,8,2,6,9,2,2,2,5,8,6,7,8,1,4,1
387:1,7,5,3,4,9,7,3,5,5,9,9,5,8,2,7,1,2,6,9,2,8,7,3,8,7,4,3,9,4
388:6,9,5,7,2,8,2,7,4,8,4,7,7,1,6,4,4,4,9,6,7,3,4,2,1,1,7,7,3,9
389:9,8,3,7,5,4,2,1,5,6,4,6,7,7,7,6,2,5,3,9,2,3,4,5,6,2,8,1,1,3
390:1,2,9,6,4,7,9,6,2,4,3,8,9,8,3,9,5,3,2,8,8,4,4,2,7,1,7,4,6,2
391:8,6,4,1,2,1,8,9,1,9,1,2,4,3,8,6,6,6,5,4,1,3,7,4,2,1,7,1,3,3
392:7,8,4,7,5,4,5,4,8,6,3,2,2,5,9,7,6,9,6,5,8,6,8,9,2,4,3,8,8,6
393:1,8,8,9,2,1,7,9,6,4,5,4,7,9,3,6,3,8,6,3,2,1,9,6,6,1,9,2,9,8
394:1,7,1,9,5,8,8,4,8,3,1,1,9,7,4,2,8,2,6,7,3,4,1,5,5,3,5,9,9,3
395:7,5,3,8,3,7,9,5,6,5,4,9,3,5,8,2,6,9,7,8,5,4,1,9,1,2,8,5,5,6
396:5,8,7,4,1,8,3,5,1,6,3,8,2,7,6,7,6,6,8,2,6,2,1,6,9,6,5,1,2,7
397:7,2,8,5,2,3,4,8,3,5,5,6,9,5,5,4,2,7,2,6,9,8,8,5,9,7,5,4,3,4
398:9,9,7,8,1,7,4,6,8,4,2,1,4,1,8,4,5,6,3,7,8,6,7,2,9,5,8,6,1,7
399:2,3,2,8,5,4,8,4,3,5,9,8,5,9,1,2,6,7,1,9,2,8,8,2,8,9,5,5,4,4
400:8,7,9,8,7,2,3,1,7,5,6,6,5,8,3,8,3,5,6,6,5,8,6,9,8,3,5,4,7,4
401:2,3,2,8,5,4,8,4,3,5,9,8,5,9,1,2,6,7,1,9,2,8,8,2,8,9,5,5,4,4
402:1,5,3,3,6,8,5,9,4,1,8,1,2,9,9,5,8,4,6,7,4,5,3,9,2,3,8,4,3,9
403:9,6,2,5,3,3,6,6,1,1,4,4,1,7,8,7,1,2,8,2,6,8,7,8,4,9,9,7,8,6
404:8,7,7,5,4,9,5,9,9,1,9,2,7,2,6,6,6,1,1,7,9,8,5,6,2,5,5,1,4,3
405:6,6,6,9,3,7,5,6,4,2,8,3,7,9,7,8,4,6,3,5,7,6,8,2,5,5,1,2,4,6
406:9,7,6,7,6,9,1,8,7,1,2,7,6,5,9,2,8,2,6,6,6,1,2,1,8,2,6,2,2,9
407:1,2,5,9,2,3,2,5,7,9,2,4,8,5,9,2,8,2,3,6,6,1,5,3,1,6,1,5,3,4
408:6,7,1,5,7,6,2,6,2,5,5,4,8,5,4,1,7,1,2,8,6,1,7,3,2,9,4,3,8,6
409:1,5,2,7,8,3,9,3,3,5,3,6,6,2,2,6,6,5,3,2,7,6,2,4,9,8,9,6,7,7
410:7,6,4,6,9,1,4,4,8,1,7,2,3,3,1,2,9,6,9,5,5,2,4,7,1,5,8,6,6,3
411:1,2,4,1,6,3,1,5,3,1,4,4,4,7,9,4,3,9,8,9,8,1,5,8,6,8,1,3,9,6
412:5,5,2,8,9,8,2,9,5,2,9,9,6,9,7,5,6,2,4,5,4,3,6,5,6,2,4,5,9,2
413:1,8,4,4,3,7,6,2,3,8,3,3,3,5,5,5,9,9,8,1,8,3,4,2,8,5,6,8,3,3
414:3,6,6,4,7,5,3,3,3,6,1,2,5,7,4,5,4,9,3,8,1,7,1,2,7,5,2,6,3,3
415:5,6,4,7,8,1,9,7,1,9,3,9,5,2,6,1,9,3,1,7,7,2,5,5,6,3,1,9,3,4
416:7,7,6,4,6,6,9,9,5,9,7,2,3,3,5,3,6,3,6,7,1,7,1,1,6,5,4,4,4,7
417:1,4,2,4,6,1,6,7,1,5,3,4,6,4,8,1,6,3,7,9,2,3,2,2,6,5,5,5,4,5
418:4,6,3,9,5,1,7,4,1,8,6,3,7,3,9,8,7,8,7,7,1,6,6,8,2,9,6,2,1,8
419:7,4,8,2,7,9,8,7,5,6,8,8,7,8,2,5,1,4,3,5,1,6,6,3,6,5,8,3,8,6
420:8,4,4,4,4,2,2,4,6,8,4,8,8,8,9,1,2,9,7,5,9,1,6,1,7,9,4,8,7,2
421:3,3,7,6,8,9,1,7,4,7,5,9,6,1,2,9,1,6,8,1,3,5,5,6,1,4,4,8,4,4
422:7,7,3,4,6,6,9,9,5,9,7,2,3,3,5,3,6,3,6,7,1,7,1,1,6,5,4,4,4,7
423:6,9,4,7,6,6,3,3,2,3,6,9,8,1,8,6,6,9,7,3,4,9,5,7,9,9,6,8,8,4
424:8,6,6,3,6,8,1,9,5,3,9,4,5,8,7,6,2,7,1,7,9,1,3,5,1,9,5,2,6,1
425:2,5,2,4,8,2,5,1,7,3,3,2,9,3,1,7,7,5,6,9,6,8,6,5,8,3,8,9,3,6
426:7,1,1,4,9,7,8,5,7,1,6,9,2,4,4,9,6,2,6,7,1,8,4,4,8,3,8,9,3,1
427:8,1,5,4,5,7,2,3,7,9,4,8,9,8,9,2,2,9,8,7,1,5,6,2,1,6,3,6,5,2
428:5,5,7,9,7,5,1,4,6,4,6,2,6,1,4,4,6,1,9,9,7,4,5,8,1,4,9,5,7,8
429:1,9,4,4,2,8,1,5,7,9,6,3,7,5,9,6,8,4,3,7,8,5,1,1,9,1,9,5,5,1
430:2,9,5,5,2,3,4,7,3,4,9,8,7,8,5,3,7,5,2,6,1,5,2,3,4,9,1,9,9,4
431:6,8,8,3,8,8,1,2,2,8,7,7,2,7,5,4,7,3,5,3,7,8,1,5,4,3,2,1,8,8
432:2,8,8,5,6,8,7,8,2,1,2,7,2,5,4,5,6,1,3,5,1,9,3,2,2,7,7,7,8,3
433:3,2,6,4,7,4,8,8,8,6,7,7,1,5,3,9,3,4,3,4,7,7,4,3,9,3,1,3,5,1
434:7,7,5,8,6,1,9,3,5,7,6,2,6,1,8,7,5,3,9,3,1,9,6,8,5,6,6,4,4,7
435:6,9,2,1,3,6,5,9,1,7,6,2,5,1,8,4,1,1,1,8,6,8,8,6,3,4,1,6,2,8
436:7,4,2,8,6,5,1,6,9,1,4,5,5,2,3,2,6,8,4,7,9,4,6,6,9,3,2,2,1,8
437:5,2,1,8,2,9,1,1,3,3,7,1,6,5,2,4,4,1,6,7,7,7,2,4,9,4,7,8,7,6
438:8,2,5,6,5,7,4,9,4,2,5,4,4,7,2,8,4,1,4,7,7,8,8,1,5,2,8,9,1,4
439:9,4,4,9,9,8,2,6,5,3,6,8,6,5,7,2,8,3,7,9,4,6,2,4,1,2,2,7,4,9
440:7,4,9,1,1,4,2,9,4,6,6,8,1,6,5,3,9,2,4,5,1,8,7,6,4,7,9,3,6,2
441:9,4,6,2,5,5,2,2,5,3,4,6,2,5,7,6,5,8,6,5,2,7,3,8,1,4,8,4,3,4
442:3,5,6,5,4,3,1,9,6,1,9,1,1,3,3,9,4,9,7,4,2,9,1,4,7,6,3,8,7,1
443:7,4,8,3,6,1,1,7,9,8,2,9,3,1,3,2,2,4,3,1,1,6,7,6,7,1,3,3,9,3
444:8,4,2,1,4,5,2,5,8,7,7,1,7,3,7,4,4,9,2,3,2,2,2,6,1,4,7,8,1,3
445:1,4,2,4,6,1,6,7,1,5,3,4,6,4,8,5,6,3,7,9,2,3,2,2,6,5,5,5,4,3
446:1,3,8,2,1,1,2,6,3,1,2,7,8,6,9,2,2,2,6,4,1,1,6,9,4,6,1,9,9,9
447:4,9,9,2,3,2,6,4,2,7,2,6,4,1,2,6,4,9,1,9,1,3,8,6,6,2,1,5,5,2
448:5,8,5,8,7,9,2,8,6,5,3,5,8,5,7,7,4,7,6,5,3,3,8,7,4,6,2,5,3,8
449:6,9,5,6,9,5,9,1,9,5,3,4,5,5,9,5,9,5,7,3,5,5,7,1,3,1,6,2,1,5
450:2,5,8,9,4,4,9,8,2,9,5,2,6,5,4,2,1,7,9,5,3,7,9,8,3,3,2,3,5,5
451:9,8,4,2,7,7,2,9,3,4,3,9,5,2,4,5,4,2,3,8,8,9,6,2,5,1,3,7,1,7
452:8,4,2,4,4,9,5,1,6,3,8,5,5,8,7,8,9,2,1,6,1,7,1,8,5,5,4,2,8,5
453:1,1,1,6,9,9,6,3,9,6,9,5,2,3,1,9,6,3,1,2,5,5,2,9,1,1,4,9,4,6
454:8,1,8,1,9,8,1,9,4,4,1,6,9,2,6,6,8,8,8,5,9,5,5,6,4,6,2,5,1,8
455:5,5,7,9,7,5,1,4,6,4,6,2,6,1,4,4,6,1,9,9,7,4,5,8,1,4,5,5,7,6
456:8,1,8,1,9,8,1,9,4,4,1,6,9,2,6,6,8,8,8,5,9,5,5,6,4,6,8,5,1,8
457:4,9,6,5,6,1,8,8,9,1,6,2,5,9,6,2,4,1,1,1,8,1,4,4,9,5,6,6,4,6
458:7,4,8,3,6,1,1,7,9,8,2,9,3,1,3,2,2,4,3,1,1,6,7,6,7,1,3,3,9,8
459:8,8,4,6,3,6,9,4,1,2,1,5,5,5,7,4,2,4,8,1,4,3,8,9,9,9,4,2,7,6
460:2,8,5,4,6,6,9,3,6,7,3,1,7,4,9,8,6,9,7,5,4,6,1,9,3,7,7,7,2,5
461:7,8,4,7,5,4,5,4,8,6,3,2,2,5,9,7,6,9,6,5,8,6,8,9,2,4,3,8,8,1
462:9,9,1,2,1,2,4,7,5,8,5,3,4,9,8,8,1,5,1,9,9,6,5,4,5,9,4,5,3,2
463:8,4,2,9,9,7,4,2,7,7,4,8,5,1,8,9,5,6,7,4,5,5,2,4,7,3,6,2,7,2
464:1,4,6,3,5,3,4,8,9,4,6,3,5,4,4,9,5,3,4,3,8,1,2,3,9,3,1,7,3,5
465:6,8,5,3,3,4,2,8,6,8,8,4,1,4,4,5,4,6,3,7,1,3,9,5,6,7,1,4,7,6
466:9,4,6,1,6,6,9,3,2,5,9,8,9,2,1,5,7,4,4,7,8,7,8,7,6,3,5,6,2,3
467:8,3,1,2,4,9,9,9,1,6,4,6,5,4,5,9,9,3,9,5,4,2,9,4,7,1,6,9,1,9
468:9,6,7,3,5,4,1,5,5,4,4,8,6,3,3,9,8,2,3,7,4,1,9,6,7,1,5,2,3,6
469:4,5,1,9,2,1,8,4,8,9,2,9,7,8,8,8,5,7,2,8,9,2,2,8,7,9,9,2,6,2
470:1,7,1,9,5,8,8,4,8,3,1,1,9,7,4,2,8,2,6,7,3,4,1,5,5,3,5,9,9,6
471:5,3,4,2,1,6,6,2,2,5,9,8,1,8,7,6,6,4,2,4,4,6,2,3,7,2,5,6,8,6
472:2,2,7,1,1,2,7,7,1,8,1,2,1,8,9,5,2,2,7,8,3,1,4,3,8,2,5,9,9,7
473:7,1,1,4,9,7,8,5,7,1,6,9,2,4,4,9,6,2,6,7,9,8,4,4,8,3,8,9,3,1
474:9,6,2,5,3,3,6,6,1,1,4,4,1,7,8,7,1,2,8,2,6,8,7,1,4,9,9,7,8,6
475:4,8,2,5,4,4,6,7,2,1,5,5,9,3,3,4,5,2,8,7,1,6,7,1,1,6,1,2,7,4
476:1,5,3,3,6,8,5,9,4,1,8,1,2,9,9,5,8,4,6,7,4,5,3,9,2,3,8,4,3,3
477:7,6,3,4,3,2,3,8,5,9,3,6,3,8,5,1,3,3,7,2,4,1,2,8,7,5,4,5,6,9
478:6,1,7,6,1,3,4,3,6,8,4,5,6,8,8,6,5,7,6,3,8,2,6,9,4,4,4,1,6,3
479:1,4,2,4,6,1,6,7,1,5,3,4,6,4,8,1,6,3,7,9,2,3,2,2,6,5,5,5,4,3
480:7,2,4,8,7,8,2,6,2,7,9,7,4,2,1,2,1,8,9,9,2,2,1,3,4,1,3,3,3,1
481:6,6,9,5,7,6,7,5,4,4,9,2,3,6,4,1,7,9,6,4,1,1,4,4,5,2,9,6,8,2
482:6,2,1,5,1,1,2,1,9,8,1,6,2,4,4,3,6,1,4,9,9,7,7,3,5,3,8,2,5,7
483:6,6,6,9,3,7,5,6,4,1,8,3,7,9,7,8,4,6,3,5,7,6,8,2,5,5,1,2,4,6
484:4,6,1,2,3,9,7,8,9,7,5,9,5,6,6,1,4,2,8,8,1,8,2,5,3,3,5,2,9,8
485:7,9,8,6,9,6,4,7,5,9,2,2,4,4,5,2,4,1,4,1,7,2,7,8,7,4,3,4,4,5
486:6,8,5,4,6,9,9,6,8,1,1,1,7,1,9,5,2,2,7,9,3,4,3,1,5,8,9,8,8,7
487:2,2,1,3,2,1,3,1,9,7,2,4,3,3,5,8,8,1,8,6,1,3,6,1,1,7,9,5,8,5
488:4,9,7,8,8,7,8,4,2,2,8,7,7,9,9,6,6,5,8,7,7,2,6,5,8,6,7,4,9,5
489:8,3,7,2,9,2,6,6,5,4,8,1,7,5,9,2,6,5,8,5,5,4,9,9,7,5,7,6,1,8
490:7,9,6,4,4,2,7,1,8,7,5,2,3,2,9,9,4,9,6,9,7,9,4,8,2,6,3,1,4,6
491:1,7,3,7,9,4,2,8,5,1,4,7,2,8,9,4,9,7,9,4,2,3,2,8,7,3,7,9,6,3
492:8,4,1,5,2,2,7,6,7,5,8,2,5,6,2,6,2,5,3,2,3,9,4,5,5,1,1,5,8,6
493:6,4,1,2,5,6,4,8,2,4,9,8,9,9,4,3,3,6,8,6,8,1,9,8,5,6,8,3,6,9
494:9,5,6,6,5,9,9,7,2,5,7,8,8,7,3,5,9,6,6,6,5,2,5,8,8,4,3,4,9,8
495:9,6,4,9,8,2,6,1,2,6,1,4,4,9,7,5,5,8,3,8,9,8,3,5,7,3,9,6,8,8
496:6,5,4,4,1,3,8,3,3,4,3,9,5,5,6,2,4,9,2,5,6,1,4,9,1,8,4,7,4,1
497:2,9,7,2,7,2,8,4,2,5,7,9,7,6,9,6,2,5,2,7,4,8,1,8,2,3,7,8,6,8
498:5,6,6,3,7,7,2,3,3,5,6,4,8,3,9,4,1,7,2,1,7,5,8,1,6,3,4,6,6,5
499:3,3,6,9,3,5,2,8,7,8,1,2,4,9,3,3,6,4,4,2,2,3,1,2,3,2,3,1,2,4
500:2,2,6,5,4,3,5,4,1,3,4,6,4,5,9,4,5,7,7,9,5,4,9,6,2,8,5,2,1,4